[RGB_X]
ServerPort=9797
ServerUsed=1
RGB_Top=950
RGB_Bottom=0
ORP_Top=600
ORP_Bottom=450
HCL_Top=120
HCL_Bottom=39
SG_Top=1500
SG_Bottom=1200
TEMP_Top=560
TEMP_Bottom=440
[GRAPG_USAGE]
HCL_Capa=8
HCL_Daily=0
HCL_Total=130.933333333335
OXI_Capa=6.1
OXI_Daily=0
OXI_Total=23.5866666666666
H2O_Capa=7.2
H2O_Daily=104.280000000001
H2O_Total=634.920000000021
[CONTROL]
SubHCL1=0
SubHCL2=1
[SENSOR_CHANGE]
CHANGEDATE_RGB=2021-12-17
CHANGEDATE_ORP=2021-12-16
CHANGEDATE_HCL=2021-12-17
CHANGEDATE_SG=2021-12-18
ORP_Count=365
[MASTER]
isPawword=0
PASSWORD=10
[GRAPH_Y]
RGB_Top=900
RGB_Bottom=0
ORP_Top=600
ORP_Bottom=400
HCL_Top=1.20
HCL_Bottom=0.40
SG_Top=1.400
SG_Bottom=1.200
TEMP_Top=55.0
TEMP_Bottom=45.0
